sn83016922_1841-11-13_ed-1_seq-4.jpg, [316, 1122, 1928, 2731, 3532, 4351]
sn83016922_1841-11-13_ed-1_seq-4.jpg, [316, 1122, 1928, 2731, 3532, 4351]
sn83025001_1886-06-26_ed-1_seq-3.jpg, [361, 1509, 2657, 3805, 5018]
sn83025001_1886-06-26_ed-1_seq-3.jpg, [361, 1509, 2657, 3805, 5018]
sn83025287_1878-11-17_ed-1_seq-2.jpg, [423, 1324, 2225, 3126, 4027, 4928, 5829]
sn83025287_1878-11-17_ed-1_seq-3.jpg, [244, 1143, 2048, 2949, 3848, 4746, 5639]
sn83025287_1883-08-14_ed-1_seq-3.jpg, [71, 974, 1874, 2777, 3686, 4579, 5500, 6403]
sn83025287_1883-08-22_ed-1_seq-7.jpg, [123, 1022, 1853, 2790, 3696, 4587, 5486, 6384]
sn83025287_1883-08-22_ed-1_seq-8.jpg, [102, 1002, 1902, 2801, 3697, 4601, 5494, 6396]
sn83025287_1883-09-16_ed-1_seq-9.jpg, [192, 1009, 1826, 2643, 3460, 4277, 5094, 5911]
sn83030193_1887-10-10_ed-2_seq-4.jpg, [176, 880, 1578, 2285, 2991, 3695, 4399, 5103]
sn83030193_1887-10-11_ed-2_seq-3.jpg, [97, 806, 1514, 2225, 2936, 3645, 4351, 5060]
sn83030193_1890-03-27_ed-1_seq-2.jpg, [621, 1246, 1871, 2496, 3121, 3746, 4371, 4996]
sn83030213_1852-05-05_ed-1_seq-3.jpg, [11, 981, 1951, 2924, 3872, 4832, 5802]
sn83030213_1855-07-20_ed-1_seq-2.jpg, [319, 1309, 2299, 3289, 4279, 5269]
sn83035143_1862-11-25_ed-1_seq-1.jpg, [254, 883, 1506, 2136, 2758, 3389, 4018, 4633, 5262]
sn83045462_1855-04-16_ed-1_seq-1.jpg, [104, 1110, 2119, 3125, 4130, 5131, 6155]
sn83045462_1881-04-23_ed-1_seq-8.jpg, [112, 1077, 2053, 3026, 3975, 4956, 5908, 6873]
sn84020177_1851-02-22_ed-1_seq-1.jpg, [315, 1254, 2191, 3130, 4056]
sn84020558_1891-05-30_ed-1_seq-3.jpg, [123, 788, 1461, 2124, 2783, 3440, 4103, 4744]
sn84023127_1836-01-08_ed-1_seq-1.jpg, [330, 1000, 1670, 2340, 3010, 3680, 4355, 5025]
sn84026844_1865-07-25_ed-1_seq-2.jpg, [211, 792, 1366, 1947, 2510, 3094, 3675, 4256]
sn84026844_1865-08-02_ed-1_seq-1.jpg, [602, 1224, 1855, 2472, 3098, 3717, 4336]
sn84026844_1874-01-02_ed-1_seq-4.jpg, [691, 1680, 2608, 3597]
sn84028385_1855-07-11_ed-1_seq-1.jpg, [226, 948, 1657, 2371, 3093, 3852, 4527, 5237, 5960]
sn84038582_1850-11-16_ed-1_seq-2.jpg, [421, 1118, 1815, 2512, 3209, 3906, 4603]
sn85026002_1863-02-27_ed-1_seq-1.jpg, [284, 913, 1550, 2178, 2802, 3423, 4052]
sn85042459_1884-07-26_ed-1_seq-4.jpg, [281, 797, 1380, 1888, 2404, 2919, 3507]
sn85047165_1900-07-18_ed-1_seq-2.jpg, [529, 1294, 2088, 2850, 3615, 4389, 5136, 5832]
sn85066387_1896-09-03_ed-1_seq-6.jpg, [64, 954, 1842, 2734, 3624, 4519, 5397, 6277]
sn86069180_1898-07-16_ed-1_seq-3.jpg, [175, 921, 1667, 2413, 3159, 3905, 4623]
sn86079080_1854-05-28_ed-1_seq-2.jpg, [272, 1000, 1729, 2455, 3173, 3901, 4629]
sn88064368_1851-09-24_ed-1_seq-3.jpg, [290, 1192, 2102, 3004, 3903]
sn88064368_1851-10-08_ed-1_seq-4.jpg, [501, 1403, 2305, 3207, 4130]
sn96061150_1889-03-07_ed-1_seq-4.jpg, [317, 936, 1555, 2171, 2790, 3425, 4029, 4665]
